{
 "cells": [
  {
   "cell_type": "code",
   "execution_count": null,
   "metadata": {},
   "outputs": [],
   "source": [
    "from dataclasses import dataclass\n",
    "from collections import deque\n",
    "\n",
    "@dataclass\n",
    "class Node:\n",
    "    name : str\n",
    "    offset : list\n",
    "    channels : dict\n",
    "    child : list\n",
    "    parent : str\n",
    "    first_in : bool\n",
    "    \n",
    "file_path = \"walk60.bvh\"\n",
    "bvh_data = []\n",
    "with open(file_path, 'r') as f:\n",
    "    for line in f:\n",
    "        bvh_data.append(line.split())\n",
    "\n",
    "num_frames = 0\n",
    "frame_time = 0\n",
    "frames = []\n",
    "joint_List = []\n",
    "info_List = []\n",
    "for line in bvh_data:\n",
    "    this_line = line\n",
    "    if(this_line[0] == \"Hierarchy\"): continue\n",
    "    if(this_line[0] == \"MOTION\"): continue\n",
    "    if(this_line[0] == \"Frames:\"):\n",
    "        num_frames = int(this_line[1])\n",
    "        continue\n",
    "    if(this_line[0] == \"Frame\"):\n",
    "        frame_time = float(this_line[2])\n",
    "        continue\n",
    "    if(this_line[0] == \"{\" or\n",
    "       this_line[0] == \"ROOT\" or\n",
    "       this_line[0] == \"}\" or\n",
    "       this_line[0] == \"End\" or\n",
    "       this_line[0] == \"JOINT\" or\n",
    "       this_line[0] == \"OFFSET\" or\n",
    "       this_line[0] == \"CHANNELS\"):\n",
    "        info_List.append(this_line)\n",
    "        continue\n",
    "    frames.append(this_line)\n",
    "    \n",
    "# # 处理栈中数据\n",
    "# def Process_data(stack):\n",
    "#     some_data = []\n",
    "#     while(stack):\n",
    "#         info_pop = stack.pop()\n",
    "#         if(type(info_pop) != Node and info_pop[0] == \"{\"):\n",
    "#             break\n",
    "#         elif(type(info_pop) != Node and info_pop[0] == \"}\"):\n",
    "#             continue\n",
    "#         else:\n",
    "#             some_data.append(info_pop)\n",
    "#     print(some_data)\n",
    "#     now_node = Node(\n",
    "#         name = None,\n",
    "#         offset = [],\n",
    "#         channels = {},\n",
    "#         child = [],\n",
    "#         parent = None,\n",
    "#         first_in = True\n",
    "#     )\n",
    "#     last_node = None\n",
    "#     for i in some_data:\n",
    "#         # if(type(i) != Node and i[0] == \"OFFSET\"):\n",
    "#         #     now_node.offset = [float(i[1]), float(i[2]), float(i[3])]\n",
    "#         # elif(type(i) != Node  and i[0] == \"CHANNELS\"):\n",
    "#         #     now_node.channels = {\n",
    "#         #         \"num_channels\" : int(i[1]),\n",
    "#         #         \"channels\" : [i[1:]]\n",
    "#         #     }\n",
    "#         # elif(type(i) != Node and i[0] == \"JOINT\"):\n",
    "#         #     now_node.name = i[1]\n",
    "#         # elif(type(i) == Node):\n",
    "#         #     last_node = i\n",
    "#         #     i += 1\n",
    "#         if(type(i) == Node):\n",
    "#             last_node = i\n",
    "#             continue\n",
    "#         if(type(i) != Node and i[0] == \"OFFSET\"):\n",
    "#             now_node.offset = [float(i[1]), float(i[2]), float(i[3])]\n",
    "#         elif(type(i) != Node and i[0] == \"CHANNELS\"):\n",
    "#             now_node.channels = {\n",
    "#                 \"num_channels\" : int(i[1]),\n",
    "#                 \"channels\" : [i[1:]]}\n",
    "#         elif(type(i) != Node and i[0] == \"End\" or i[0] == \"Joint\"):\n",
    "#             if(i[0] == \"End\") : last_node.name = i[0] + i[1]\n",
    "#             if(i[0] == \"Joint\") : last_node.name = i[1]\n",
    "#             last_node.parent = now_node.name\n",
    "#             now_node.child.append(last_node)\n",
    "#             last_node.first_in = False\n",
    "#             joint_List.append(last_node)\n",
    "            \n",
    "#         print(now_node)\n",
    "#         print(last_node)\n",
    "#     return now_node\n",
    "        \n",
    "    \n",
    "            \n",
    "len_info = len(info_List)\n",
    "node_list = []\n",
    "stack = deque()\n",
    "# for i in range(len_info):\n",
    "#     if(info_List[i][0] == \"{\"):\n",
    "#         stack.append(info_List[i])\n",
    "#         while(info_List[i][0] != \"}\"):\n",
    "#             i += 1\n",
    "#             stack.append(info_List[i])\n",
    "#     elif(info_List[i][0] == \"}\"):\n",
    "#         stack.pop()\n",
    "#         print(stack.pop())\n",
    "for i in range(len_info):\n",
    "    if info_List[i][0] == \"ROOT\":\n",
    "        root = Node(\n",
    "             name = info_List[i][0] + info_List[i][1],\n",
    "                offset = [],\n",
    "                channels = {},\n",
    "                child = [],\n",
    "                parent = None,\n",
    "                first_in = True)\n",
    "        node_list.append(root)\n",
    "        joint_List.append(root)\n",
    "        continue\n",
    "    if info_List[i][0] == \"{\" or info_List[i][0] == \"OFFSET\" or \\\n",
    "        info_List[i][0] == \"CHANNELS\" or info_List[i][0] == \"End\" or \\\n",
    "        info_List[i][0] == \"JOINT\":\n",
    "            stack.append(info_List[i])\n",
    "            continue\n",
    "    if info_List[i][0] == \"}\":\n",
    "        stack.append(info_List[i])\n",
    "\n",
    " \n",
    "       \n",
    "    \n",
    "        \n"
   ]
  },
  {
   "cell_type": "code",
   "execution_count": null,
   "metadata": {},
   "outputs": [],
   "source": [
    "info_List"
   ]
  },
  {
   "cell_type": "code",
   "execution_count": null,
   "metadata": {},
   "outputs": [],
   "source": [
    "node_list"
   ]
  },
  {
   "cell_type": "code",
   "execution_count": null,
   "metadata": {},
   "outputs": [],
   "source": [
    "class Node:\n",
    "    def __init__(self, name):\n",
    "        self.name = name\n",
    "        self.offset = None\n",
    "        self.channels = []\n",
    "        self.children = []\n",
    "\n",
    "    def __repr__(self):\n",
    "        return f\"Node({self.name})\"\n",
    "\n",
    "\n",
    "def build_skeleton(bvh_data):\n",
    "    stack = []\n",
    "    root = None\n",
    "    current_node = None\n",
    "\n",
    "    for line in bvh_data:\n",
    "        if line[0] == 'ROOT' or line[0] == 'JOINT':\n",
    "            # 创建新节点\n",
    "            node = Node(line[1])\n",
    "            if current_node is not None:\n",
    "                # 添加为当前节点的子节点\n",
    "                current_node.children.append(node)\n",
    "                stack.append(current_node)\n",
    "            else:\n",
    "                root = node\n",
    "            current_node = node\n",
    "        elif line[0] == 'OFFSET':\n",
    "            # 设置偏移量\n",
    "            current_node.offset = tuple(map(float, line[1:]))\n",
    "        elif line[0] == 'CHANNELS':\n",
    "            # 设置通道信息\n",
    "            current_node.channels = line[2:]  # 跳过通道数量\n",
    "        elif line[0] == '}':\n",
    "            # 结束当前节点的定义，返回到父节点\n",
    "            if stack:\n",
    "                current_node = stack.pop()\n",
    "        elif line[0] == 'End' and line[1] == 'Site':\n",
    "            # 处理末端节点\n",
    "            end_site_node = Node('End Site')\n",
    "            current_node.children.append(end_site_node)\n",
    "            stack.append(current_node)\n",
    "            current_node = end_site_node\n",
    "\n",
    "    return root\n",
    "\n",
    "# 解析示例数据\n",
    "bvh_data = [['ROOT', 'Hips'], ['{'], ['OFFSET', '0.00', '0.00', '0.00'], ['CHANNELS', '6', 'Xposition', 'Yposition', 'Zposition', 'Xrotation', 'Yrotation', 'Zrotation']]\n",
    "skeleton = build_skeleton(info_List)\n",
    "print(skeleton.children)\n"
   ]
  },
  {
   "cell_type": "code",
   "execution_count": null,
   "metadata": {},
   "outputs": [],
   "source": [
    "from dataclasses import dataclass\n",
    "from collections import deque\n",
    "\n",
    "@dataclass\n",
    "class Node:\n",
    "    name : str\n",
    "    offset : list\n",
    "    channels : dict\n",
    "    child : list\n",
    "    parent : str\n",
    "    ID : int\n",
    "    type : str\n",
    "    \n",
    "file_path = \"walk60.bvh\"\n",
    "bvh_data = []\n",
    "with open(file_path, 'r') as f:\n",
    "    for line in f:\n",
    "        bvh_data.append(line.split())\n",
    "\n",
    "num_frames = 0\n",
    "frame_time = 0\n",
    "frames = []\n",
    "joint_List = []\n",
    "info_List = []\n",
    "for line in bvh_data:\n",
    "    this_line = line\n",
    "    if(this_line[0] == \"Hierarchy\"): continue\n",
    "    if(this_line[0] == \"MOTION\"): continue\n",
    "    if(this_line[0] == \"Frames:\"):\n",
    "        num_frames = int(this_line[1])\n",
    "        continue\n",
    "    if(this_line[0] == \"Frame\"):\n",
    "        frame_time = float(this_line[2])\n",
    "        continue\n",
    "    if(this_line[0] == \"{\" or\n",
    "       this_line[0] == \"ROOT\" or\n",
    "       this_line[0] == \"}\" or\n",
    "       this_line[0] == \"End\" or\n",
    "       this_line[0] == \"JOINT\" or\n",
    "       this_line[0] == \"OFFSET\" or\n",
    "       this_line[0] == \"CHANNELS\"):\n",
    "        info_List.append(this_line)\n",
    "        continue\n",
    "    frames.append(this_line)\n",
    "    \n",
    "offset_stack = deque()\n",
    "channel_stack = deque()\n",
    "node_stack = deque()\n",
    "joint_List = []\n",
    "node_id = 0\n",
    "\n",
    "for info in info_List:\n",
    "    if(info[0] == \"ROOT\"):\n",
    "        node_stack.append(Node(\n",
    "            name = \"RootJoint\",\n",
    "            offset = None,\n",
    "            channels = None,\n",
    "            child = [],\n",
    "            parent = None,\n",
    "            ID = node_id,\n",
    "            type = \"root\"\n",
    "        ))\n",
    "        node_id += 1\n",
    "        continue\n",
    "    elif info[0] == \"{\": continue\n",
    "    elif info[0] == \"OFFSET\":\n",
    "        offset_stack.append(list(map(float, info[1:])))\n",
    "        continue\n",
    "    elif info[0] == \"CHANNELS\":\n",
    "        channel_stack.append({\n",
    "            \"channel_num\" : int(info[1]),\n",
    "            \"channels\" : info[2:]\n",
    "        })\n",
    "    elif info[0] == \"JOINT\":\n",
    "        node_stack.append(Node(\n",
    "            name = info[1],\n",
    "            offset = None,\n",
    "            channels = None,\n",
    "            child = [],\n",
    "            parent = None,\n",
    "            ID = node_id,\n",
    "            type = \"joint\"\n",
    "        ))\n",
    "        node_id += 1\n",
    "        continue\n",
    "    elif info[0] == \"End\":\n",
    "        node_stack.append(Node(\n",
    "            name = info[0] + info[1],\n",
    "            offset = None,\n",
    "            channels = None,\n",
    "            parent = None,\n",
    "            child = None,\n",
    "            type = \"End\",\n",
    "            ID = node_id\n",
    "        ))\n",
    "        node_id += 1\n",
    "        continue\n",
    "    elif info[0] == \"}\":\n",
    "        pop_node = node_stack.pop()\n",
    "        if pop_node.type == \"End\":\n",
    "            top_node = node_stack[-1]\n",
    "            pop_node.name = top_node.name + \"_end\"\n",
    "            pop_node.parent = top_node.name\n",
    "            pop_node.child = None\n",
    "            offset_top = offset_stack.pop()\n",
    "            pop_node.offset = offset_top\n",
    "            pop_node.channels = None\n",
    "            top_node.child.append(pop_node)\n",
    "            joint_List.append(pop_node)\n",
    "        elif pop_node.type == \"joint\":\n",
    "            top_node = node_stack[-1]\n",
    "            pop_offset = offset_stack.pop()\n",
    "            pop_channels = channel_stack.pop()\n",
    "            # print(pop_channels)\n",
    "            pop_node.offset = pop_offset\n",
    "            pop_node.channels = pop_channels\n",
    "            pop_node.parent = top_node.name\n",
    "            top_node.child.append(pop_node)\n",
    "            joint_List.append(pop_node)\n",
    "        elif pop_node.type == \"root\":\n",
    "            pop_offset = offset_stack.pop()\n",
    "            pop_channels = channel_stack.pop()\n",
    "            # print(pop_channels)\n",
    "            pop_node.offset = pop_offset\n",
    "            pop_node.channels = pop_channels\n",
    "            pop_node.parent = None\n",
    "            joint_List.append(pop_node)\n",
    "        continue\n",
    "               \n",
    "            "
   ]
  },
  {
   "cell_type": "code",
   "execution_count": null,
   "metadata": {},
   "outputs": [],
   "source": [
    "for node in joint_List:\n",
    "    if(node.name == \"RootJoint\"):\n",
    "        print(len(node.child))"
   ]
  },
  {
   "cell_type": "code",
   "execution_count": null,
   "metadata": {},
   "outputs": [],
   "source": [
    "from read_bvh import Bone_Tree\n",
    "\n",
    "bone_tree = Bone_Tree('walk60.bvh')"
   ]
  },
  {
   "cell_type": "code",
   "execution_count": null,
   "metadata": {},
   "outputs": [],
   "source": [
    "bone_tree.all_channels"
   ]
  },
  {
   "cell_type": "code",
   "execution_count": null,
   "metadata": {},
   "outputs": [],
   "source": [
    "bone_tree.channels"
   ]
  },
  {
   "cell_type": "code",
   "execution_count": null,
   "metadata": {},
   "outputs": [],
   "source": [
    "bone_tree.frames[0]"
   ]
  },
  {
   "cell_type": "code",
   "execution_count": null,
   "metadata": {},
   "outputs": [],
   "source": [
    "from read_bvh import Bone_Tree"
   ]
  },
  {
   "cell_type": "code",
   "execution_count": null,
   "metadata": {},
   "outputs": [],
   "source": [
    "import numpy as np\n",
    "from scipy.spatial.transform import Rotation as R\n",
    "def load_motion_data(bvh_file_path):\n",
    "    \"\"\"part2 辅助函数，读取bvh文件\"\"\"\n",
    "    with open(bvh_file_path, 'r') as f:\n",
    "        lines = f.readlines()\n",
    "        for i in range(len(lines)):\n",
    "            if lines[i].startswith('Frame Time'):\n",
    "                break\n",
    "        motion_data = []\n",
    "        for line in lines[i+1:]:\n",
    "            data = [float(x) for x in line.split()]\n",
    "            if len(data) == 0:\n",
    "                break\n",
    "            motion_data.append(np.array(data).reshape(1,-1))\n",
    "        motion_data = np.concatenate(motion_data, axis=0)\n",
    "    return motion_data"
   ]
  },
  {
   "cell_type": "code",
   "execution_count": null,
   "metadata": {},
   "outputs": [],
   "source": [
    "motion_data = load_motion_data(bvh_file_path= 'walk60.bvh')"
   ]
  },
  {
   "cell_type": "code",
   "execution_count": null,
   "metadata": {},
   "outputs": [],
   "source": [
    "motion_data"
   ]
  },
  {
   "cell_type": "code",
   "execution_count": null,
   "metadata": {},
   "outputs": [],
   "source": [
    "print(motion_data.shape)"
   ]
  },
  {
   "cell_type": "code",
   "execution_count": null,
   "metadata": {},
   "outputs": [],
   "source": [
    "motion_data_my = Bone_Tree('walk60.bvh').frames"
   ]
  },
  {
   "cell_type": "code",
   "execution_count": null,
   "metadata": {},
   "outputs": [],
   "source": [
    "motion_data_my"
   ]
  },
  {
   "cell_type": "code",
   "execution_count": null,
   "metadata": {},
   "outputs": [],
   "source": [
    "from read_bvh import Bone_Tree\n",
    "tree = Bone_Tree(bvh_file_path= 'walk60.bvh')"
   ]
  },
  {
   "cell_type": "code",
   "execution_count": null,
   "metadata": {},
   "outputs": [],
   "source": [
    "tree.sorted_joint_list"
   ]
  },
  {
   "cell_type": "code",
   "execution_count": null,
   "metadata": {},
   "outputs": [],
   "source": [
    "name_list = []\n",
    "id_list = []\n",
    "parent_list = []\n",
    "offset_list = []\n",
    "for joint in tree.sorted_joint_list:\n",
    "    name_list.append(joint.name)\n",
    "    id_list.append(joint.ID)\n",
    "    parent_list.append(joint.parent[\"parent_id\"])\n",
    "    offset_list.append(joint.offset)\n",
    "print(name_list)\n",
    "print(id_list)\n",
    "print(parent_list)\n",
    "print(len(offset_list))\n",
    "print(tree.node_count)"
   ]
  },
  {
   "cell_type": "code",
   "execution_count": null,
   "metadata": {},
   "outputs": [],
   "source": [
    "tree.joint_List"
   ]
  },
  {
   "cell_type": "code",
   "execution_count": null,
   "metadata": {},
   "outputs": [],
   "source": [
    "from read_bvh import Bone_Tree\n",
    "tree = Bone_Tree(bvh_file_path= 'walk60.bvh')"
   ]
  },
  {
   "cell_type": "code",
   "execution_count": null,
   "metadata": {},
   "outputs": [],
   "source": [
    "print(tree.joint_name)\n",
    "print(tree.)\n",
    "print(tree.joint_parent)"
   ]
  },
  {
   "cell_type": "code",
   "execution_count": null,
   "metadata": {},
   "outputs": [],
   "source": [
    "from read_bvh import Bone_Tree\n",
    "from dataclasses import dataclass\n",
    "from collections import deque\n",
    "import numpy as np\n",
    "from scipy.spatial.transform import Rotation as R\n",
    "\n",
    "bone_tree = Bone_Tree(\"walk60.bvh\")"
   ]
  },
  {
   "cell_type": "code",
   "execution_count": null,
   "metadata": {},
   "outputs": [],
   "source": [
    "joint_List = bone_tree.sorted_joint_list\n",
    "joint_name = bone_tree.joint_name\n",
    "joint_parent = bone_tree.joint_parent\n",
    "joint_offset = bone_tree.joint_offset\n",
    "motion_data = bone_tree.frames\n",
    "\n",
    "\n",
    "joint_List"
   ]
  },
  {
   "cell_type": "code",
   "execution_count": null,
   "metadata": {},
   "outputs": [],
   "source": [
    "def find_parent_rotation(Q, parent_index):\n",
    "    for joint in Q:\n",
    "        if joint['id'] == parent_index:\n",
    "            return joint['rotation']\n",
    "        \n",
    "def find_parent_location(Q, parent_index):\n",
    "    for joint in Q:\n",
    "        if joint['id'] == parent_index:\n",
    "            return joint['location']\n",
    "\n",
    "def forward_kinematics(\n",
    "        joint_list: list,\n",
    "        motion_data: list,\n",
    "    ) -> np.array:\n",
    "        # Q4 = Q3R4 = Q2R3R4 = Q1R2R3R4 = Q0R1R2R3R4 = R0R1R2R3R4\n",
    "        # DP 累推\n",
    "        # return : joint_position : shape -> num_frames * num_joint * 3\n",
    "        # return : joint_rotation : shape -> num_frames * num_joint * 4 (quaternion)\n",
    "        joint_all_frames_info_rotation_local = []\n",
    "        for frame in motion_data:\n",
    "            # Q : this_frame joint_rotation -> shape : num_joint * 4\n",
    "            Q = []\n",
    "            # Only root joint has translation\n",
    "            T0 = None\n",
    "            # joint_list is sorted by ID : the sequence follow the bvh hierarchy\n",
    "            for joint in joint_list:\n",
    "                if joint.type == \"root\":\n",
    "                    # root channels is 6 : first 3 is translate , second 3 is rotation\n",
    "                    translate = frame[:3]\n",
    "                    rotation = frame[3:6]\n",
    "                    # translate_euler = R.from_euler('XYZ', translate, degrees=True)\n",
    "                    T0 = np.array(translate)\n",
    "                    rotation_euler = R.from_euler(\"XYZ\", rotation, degrees=True)\n",
    "                    rotation_quaternion = rotation_euler.as_quat()\n",
    "                    # root's location is (0,0,0)\n",
    "                    Q.append(\n",
    "                        {\n",
    "                            \"id\": 0,\n",
    "                            \"rotation\" : rotation_quaternion,\n",
    "                            \"location\" : np.array([0, 0, 0]),\n",
    "                        }\n",
    "                    )\n",
    "                elif joint.type == \"joint\":\n",
    "                    joint_index = joint.ID - 1\n",
    "                    parent_index = joint.parent[\"parent_id\"]\n",
    "                    joint_rotation = frame[\n",
    "                       joint.channel_index : joint.channel_index + 3\n",
    "                    ]\n",
    "                    #print(joint.ID)\n",
    "                    #print(joint_index)\n",
    "                    joint_rotation = np.array(list(map(float, joint_rotation)))\n",
    "                    # parent_roation is quaternion\n",
    "                    parent_rotation = find_parent_rotation(Q, parent_index)\n",
    "                    #print(joint_rotation)\n",
    "                    #print(type(joint_rotation))\n",
    "                    #print(R.from_euler(\"xyz\", joint_rotation, degrees=True))\n",
    "                    #print(R.from_euler(\"xyz\", joint_rotation, degrees=True).as_matrix())\n",
    "                    this_joint_rotation = R.from_matrix(\n",
    "                        R.from_quat(parent_rotation).as_matrix()\n",
    "                        @ R.from_euler(\"xyz\", joint_rotation, degrees=True).as_matrix()\n",
    "                    ).as_quat()\n",
    "                    # print(this_joint_rotation)\n",
    "                    # print(\"--------------\")\n",
    "                    # parent_location is np.array -> 3 dim vec\n",
    "                    parent_location = find_parent_location(Q, parent_index)\n",
    "                    # joint_offset is np.array -> 3 dim vec\n",
    "                    joint_offset = joint.offset\n",
    "                    # ID == 1 -> need translate\n",
    "                    if joint.ID == 1:\n",
    "                        T0 = list(map(float, T0))\n",
    "                        this_joint_location = (\n",
    "                            parent_location\n",
    "                            + R.from_quat(parent_rotation).apply(np.array(joint_offset))\n",
    "                            + T0\n",
    "                        )\n",
    "                    else:\n",
    "                        this_joint_location = (\n",
    "                            parent_location + R.from_quat(parent_rotation).apply(np.array(joint_offset))\n",
    "                        )\n",
    "                    Q.append(\n",
    "                        {\n",
    "                            'id' : joint.ID,\n",
    "                            \"rotation\" : this_joint_rotation,\n",
    "                            \"location\" : this_joint_location,\n",
    "                        }\n",
    "                    )\n",
    "                elif joint.type == \"End\":\n",
    "                    parent_index = joint.parent[\"parent_id\"]\n",
    "                    parent_rotation = find_parent_rotation(Q, parent_index)\n",
    "                    parent_location = find_parent_location(Q, parent_index)\n",
    "                    this_offset = joint.offset\n",
    "                    this_joint_location = parent_location + R.from_quat(parent_rotation).apply(np.array(this_offset))\n",
    "                    Q.append(\n",
    "                        {\n",
    "                            \"id\" : joint.ID,\n",
    "                            \"rotation\" : None,\n",
    "                            \"location\" : this_joint_location\n",
    "                        }\n",
    "                    )\n",
    "            joint_all_frames_info_rotation_local.append(Q)\n",
    "        return joint_all_frames_info_rotation_local\n",
    "                \n",
    "                    "
   ]
  },
  {
   "cell_type": "code",
   "execution_count": null,
   "metadata": {},
   "outputs": [],
   "source": [
    "joint_all_position = forward_kinematics(\n",
    "    joint_List,\n",
    "    motion_data = motion_data)\n",
    "print(np.array(joint_all_position).shape)"
   ]
  },
  {
   "cell_type": "code",
   "execution_count": null,
   "metadata": {},
   "outputs": [],
   "source": [
    "print(joint_all_position[0])"
   ]
  },
  {
   "cell_type": "code",
   "execution_count": null,
   "metadata": {},
   "outputs": [],
   "source": [
    "from read_bvh import Bone_Tree\n",
    "from dataclasses import dataclass\n",
    "from collections import deque\n",
    "import numpy as np\n",
    "from scipy.spatial.transform import Rotation as R\n",
    "\n",
    "bone_tree = Bone_Tree(\"walk60.bvh\")"
   ]
  },
  {
   "cell_type": "code",
   "execution_count": null,
   "metadata": {},
   "outputs": [],
   "source": [
    "bone_tree.all_frame_location"
   ]
  },
  {
   "cell_type": "code",
   "execution_count": null,
   "metadata": {},
   "outputs": [],
   "source": [
    "bone_tree.all_frame_rotation"
   ]
  },
  {
   "cell_type": "code",
   "execution_count": 1,
   "metadata": {},
   "outputs": [],
   "source": [
    "from read_bvh import Bone_Tree\n",
    "from scipy.spatial.transform import Rotation as R\n",
    "import numpy as np"
   ]
  },
  {
   "cell_type": "code",
   "execution_count": 2,
   "metadata": {},
   "outputs": [],
   "source": [
    "bone_tree_A_pos = Bone_Tree(\"A_pose_run.bvh\")\n",
    "bone_tree_T_pos = Bone_Tree(\"walk60.bvh\")"
   ]
  },
  {
   "cell_type": "code",
   "execution_count": 3,
   "metadata": {},
   "outputs": [
    {
     "data": {
      "text/plain": [
       "['RootJoint',\n",
       " 'lHip',\n",
       " 'lKnee',\n",
       " 'lAnkle',\n",
       " 'lToeJoint',\n",
       " 'rHip',\n",
       " 'rKnee',\n",
       " 'rAnkle',\n",
       " 'rToeJoint',\n",
       " 'pelvis_lowerback',\n",
       " 'lowerback_torso',\n",
       " 'torso_head',\n",
       " 'lTorso_Clavicle',\n",
       " 'lShoulder',\n",
       " 'lElbow',\n",
       " 'lWrist',\n",
       " 'rTorso_Clavicle',\n",
       " 'rShoulder',\n",
       " 'rElbow',\n",
       " 'rWrist']"
      ]
     },
     "execution_count": 3,
     "metadata": {},
     "output_type": "execute_result"
    }
   ],
   "source": [
    "bone_tree_A_pos.joint_name_without_end"
   ]
  },
  {
   "cell_type": "code",
   "execution_count": 4,
   "metadata": {},
   "outputs": [
    {
     "data": {
      "text/plain": [
       "[-1,\n",
       " 0,\n",
       " 1,\n",
       " 2,\n",
       " 3,\n",
       " 4,\n",
       " 0,\n",
       " 6,\n",
       " 7,\n",
       " 8,\n",
       " 9,\n",
       " 0,\n",
       " 11,\n",
       " 12,\n",
       " 13,\n",
       " 12,\n",
       " 15,\n",
       " 16,\n",
       " 17,\n",
       " 18,\n",
       " 12,\n",
       " 20,\n",
       " 21,\n",
       " 22,\n",
       " 23]"
      ]
     },
     "execution_count": 4,
     "metadata": {},
     "output_type": "execute_result"
    }
   ],
   "source": [
    "bone_tree_A_pos.joint_parent"
   ]
  },
  {
   "cell_type": "code",
   "execution_count": 5,
   "metadata": {},
   "outputs": [
    {
     "data": {
      "text/plain": [
       "[-1,\n",
       " 0,\n",
       " 1,\n",
       " 2,\n",
       " 3,\n",
       " 4,\n",
       " 0,\n",
       " 6,\n",
       " 7,\n",
       " 8,\n",
       " 9,\n",
       " 10,\n",
       " 11,\n",
       " 7,\n",
       " 13,\n",
       " 14,\n",
       " 15,\n",
       " 16,\n",
       " 7,\n",
       " 18,\n",
       " 0,\n",
       " 20,\n",
       " 21,\n",
       " 22,\n",
       " 23]"
      ]
     },
     "execution_count": 5,
     "metadata": {},
     "output_type": "execute_result"
    }
   ],
   "source": [
    "bone_tree_T_pos.joint_parent"
   ]
  },
  {
   "cell_type": "code",
   "execution_count": 3,
   "metadata": {},
   "outputs": [],
   "source": [
    "bone_tree_A_pos_joint_name_without_end = bone_tree_A_pos.joint_name_without_end\n",
    "bone_tree_T_pos_joint_name_without_end = bone_tree_T_pos.joint_name_without_end\n",
    "A_pos_frame = bone_tree_A_pos.frames\n",
    "A_pos_processed_frame = bone_tree_A_pos.process_A_pos_frame(A_pos_frame = A_pos_frame,\n",
    "                                                            T_pos_joint_name_without_end = bone_tree_T_pos_joint_name_without_end,\n",
    "                                                            A_pos_joint_name_without_end = bone_tree_A_pos_joint_name_without_end)"
   ]
  },
  {
   "cell_type": "code",
   "execution_count": 5,
   "metadata": {},
   "outputs": [],
   "source": [
    "from scipy.spatial.transform import Rotation as R\n",
    "# first step -> calculate all Q-matrices\n",
    "# Q-matrix is transfrom T-pos to A-pos\n",
    "def calculate_Q_matrix(A_pos_frame : list, T_pos_frame : list, joint_name : list) -> list:\n",
    "    Q_matrix_all_frame = [] # -> dict : {joint_name : Q_matrix} -> shape:(num_frames, num_joints)\n",
    "    for A_pos_frame_this, T_pos_frame_this in zip(A_pos_frame, T_pos_frame):\n",
    "        Q_matrix_this_frame = []\n",
    "        print(joint_name)\n",
    "        for idx, joint in enumerate(joint_name):\n",
    "            A_pos_rotation = A_pos_frame_this[3 + idx * 3 : 6 + idx * 3]\n",
    "            # print(\"A_pos_rotation : \", A_pos_rotation)\n",
    "            T_pos_rotation = T_pos_frame_this[3 + idx * 3 : 6 + idx * 3]\n",
    "            # print(\"T_pos_rotation : \", T_pos_rotation)\n",
    "            A_rotation_matrix = R.from_euler(\"XYZ\", A_pos_rotation, degrees = True)\n",
    "            print(\"A_rotation_matrix : \", A_rotation_matrix.as_matrix())\n",
    "            T_rotation_matrix = R.from_euler(\"XYZ\", T_pos_rotation, degrees = True)\n",
    "            print(\"T_rotation_matrix : \", T_rotation_matrix.as_matrix())\n",
    "            # target_matrix * T_rotation_matrix = A_rotation_matrix\n",
    "            # so -> target_matrix = A_rotation_matrix * T_rotation_matrix.inv()\n",
    "            Q_this_joint = A_rotation_matrix * T_rotation_matrix.inv()\n",
    "            Q_matrix_this_frame.append(\n",
    "                {\n",
    "                    \"joint_name\" : joint,\n",
    "                    \"Q_matrix\" : Q_this_joint\n",
    "                }\n",
    "            )\n",
    "        Q_matrix_all_frame.append(Q_matrix_this_frame)\n",
    "    return Q_matrix_all_frame"
   ]
  },
  {
   "cell_type": "code",
   "execution_count": 6,
   "metadata": {},
   "outputs": [
    {
     "name": "stdout",
     "output_type": "stream",
     "text": [
      "['RootJoint', 'lHip', 'lKnee', 'lAnkle', 'lToeJoint', 'rHip', 'rKnee', 'rAnkle', 'rToeJoint', 'pelvis_lowerback', 'lowerback_torso', 'torso_head', 'lTorso_Clavicle', 'lShoulder', 'lElbow', 'lWrist', 'rTorso_Clavicle', 'rShoulder', 'rElbow', 'rWrist']\n",
      "A_rotation_matrix :  [[1. 0. 0.]\n",
      " [0. 1. 0.]\n",
      " [0. 0. 1.]]\n",
      "T_rotation_matrix :  [[ 0.99110488  0.01380982  0.13236469]\n",
      " [-0.00928509  0.99935324 -0.03474026]\n",
      " [-0.13275884  0.03320222  0.9905921 ]]\n",
      "A_rotation_matrix :  [[1. 0. 0.]\n",
      " [0. 1. 0.]\n",
      " [0. 0. 1.]]\n",
      "T_rotation_matrix :  [[ 0.9979695   0.02774396 -0.05733362]\n",
      " [-0.03840652  0.98021194 -0.19418932]\n",
      " [ 0.05081152  0.195997    0.97928717]]\n",
      "A_rotation_matrix :  [[1. 0. 0.]\n",
      " [0. 1. 0.]\n",
      " [0. 0. 1.]]\n",
      "T_rotation_matrix :  [[ 0.99709511  0.07345801 -0.02013126]\n",
      " [-0.07613056  0.96930958 -0.2337586 ]\n",
      " [ 0.00234198  0.23461216  0.97208624]]\n",
      "A_rotation_matrix :  [[1. 0. 0.]\n",
      " [0. 1. 0.]\n",
      " [0. 0. 1.]]\n",
      "T_rotation_matrix :  [[ 0.98548926 -0.16019507 -0.05611114]\n",
      " [ 0.1696948   0.93728974  0.30445298]\n",
      " [ 0.00382053 -0.30955691  0.95087324]]\n",
      "A_rotation_matrix :  [[1. 0. 0.]\n",
      " [0. 1. 0.]\n",
      " [0. 0. 1.]]\n",
      "T_rotation_matrix :  [[ 9.99637328e-01  2.66745169e-02  3.69890276e-03]\n",
      " [-2.69297423e-02  9.90026210e-01  1.38285545e-01]\n",
      " [ 2.66894411e-05 -1.38335004e-01  9.90385494e-01]]\n",
      "A_rotation_matrix :  [[1. 0. 0.]\n",
      " [0. 1. 0.]\n",
      " [0. 0. 1.]]\n",
      "T_rotation_matrix :  [[ 0.99965771  0.01978138 -0.01712186]\n",
      " [-0.02043277  0.99904021 -0.0387447 ]\n",
      " [ 0.016339    0.03908128  0.99910244]]\n",
      "A_rotation_matrix :  [[1. 0. 0.]\n",
      " [0. 1. 0.]\n",
      " [0. 0. 1.]]\n",
      "T_rotation_matrix :  [[ 0.99328088 -0.0361415  -0.10994033]\n",
      " [ 0.03236597  0.99882987 -0.0359351 ]\n",
      " [ 0.11111044  0.03213532  0.99328837]]\n",
      "A_rotation_matrix :  [[1. 0. 0.]\n",
      " [0. 1. 0.]\n",
      " [0. 0. 1.]]\n",
      "T_rotation_matrix :  [[ 0.94351554  0.33119723 -0.00931792]\n",
      " [-0.33131568  0.94286118 -0.03525221]\n",
      " [-0.00288993  0.03634818  0.99933501]]\n",
      "A_rotation_matrix :  [[ 0.70710678 -0.70710678  0.        ]\n",
      " [ 0.70710678  0.70710678  0.        ]\n",
      " [ 0.          0.          1.        ]]\n",
      "T_rotation_matrix :  [[ 0.50741838  0.60882373 -0.60980346]\n",
      " [-0.73019791  0.67955117  0.0708606 ]\n",
      " [ 0.45753426  0.40932124  0.78937857]]\n",
      "A_rotation_matrix :  [[1. 0. 0.]\n",
      " [0. 1. 0.]\n",
      " [0. 0. 1.]]\n",
      "T_rotation_matrix :  [[ 0.90548053 -0.07034175 -0.41851768]\n",
      " [ 0.0760085   0.99710223 -0.00313893]\n",
      " [ 0.41752571 -0.02896866  0.90820322]]\n",
      "A_rotation_matrix :  [[1. 0. 0.]\n",
      " [0. 1. 0.]\n",
      " [0. 0. 1.]]\n",
      "T_rotation_matrix :  [[ 0.99542291 -0.08460292  0.04444751]\n",
      " [ 0.08502603  0.99634887 -0.00771328]\n",
      " [-0.04363266  0.01145717  0.99898194]]\n",
      "A_rotation_matrix :  [[1. 0. 0.]\n",
      " [0. 1. 0.]\n",
      " [0. 0. 1.]]\n",
      "T_rotation_matrix :  [[ 0.92815876 -0.35815661 -0.10121837]\n",
      " [ 0.35658048  0.93364998 -0.03388336]\n",
      " [ 0.10663808 -0.00464336  0.99428706]]\n",
      "A_rotation_matrix :  [[ 0.70710678  0.70710678  0.        ]\n",
      " [-0.70710678  0.70710678 -0.        ]\n",
      " [-0.          0.          1.        ]]\n",
      "T_rotation_matrix :  [[ 0.51826274 -0.69379487  0.5000524 ]\n",
      " [ 0.85386461  0.38684807 -0.34822953]\n",
      " [ 0.04815555  0.60745144  0.79289583]]\n",
      "A_rotation_matrix :  [[1. 0. 0.]\n",
      " [0. 1. 0.]\n",
      " [0. 0. 1.]]\n",
      "T_rotation_matrix :  [[ 0.98295452 -0.03351194  0.18076881]\n",
      " [ 0.03538088  0.99934851 -0.0071234 ]\n",
      " [-0.18041232  0.01339774  0.98349982]]\n",
      "A_rotation_matrix :  [[1. 0. 0.]\n",
      " [0. 1. 0.]\n",
      " [0. 0. 1.]]\n",
      "T_rotation_matrix :  [[ 0.97915431 -0.1188191  -0.16473873]\n",
      " [ 0.11002738  0.99202182 -0.06153599]\n",
      " [ 0.17073606  0.04212746  0.9844158 ]]\n",
      "A_rotation_matrix :  [[1. 0. 0.]\n",
      " [0. 1. 0.]\n",
      " [0. 0. 1.]]\n",
      "T_rotation_matrix :  [[ 9.99997903e-01 -1.95286474e-03 -6.16031374e-04]\n",
      " [ 1.93656454e-03  9.99674600e-01 -2.54350766e-02]\n",
      " [ 6.65502182e-04  2.54338303e-02  9.99676286e-01]]\n",
      "A_rotation_matrix :  [[1. 0. 0.]\n",
      " [0. 1. 0.]\n",
      " [0. 0. 1.]]\n",
      "T_rotation_matrix :  [[ 0.99868366 -0.04238853 -0.02888174]\n",
      " [ 0.05096189  0.88384233  0.46500068]\n",
      " [ 0.00581621 -0.46586045  0.88483909]]\n",
      "A_rotation_matrix :  [[1. 0. 0.]\n",
      " [0. 1. 0.]\n",
      " [0. 0. 1.]]\n",
      "T_rotation_matrix :  [[ 0.99506668 -0.0250856  -0.09598442]\n",
      " [ 0.03013026  0.99821972  0.05147377]\n",
      " [ 0.09452229 -0.05411187  0.99405103]]\n",
      "A_rotation_matrix :  [[1. 0. 0.]\n",
      " [0. 1. 0.]\n",
      " [0. 0. 1.]]\n",
      "T_rotation_matrix :  [[ 0.99833886  0.0155487  -0.05547749]\n",
      " [-0.01772813  0.99908149 -0.0390115 ]\n",
      " [ 0.05481996  0.03993021  0.99769752]]\n",
      "A_rotation_matrix :  [[1. 0. 0.]\n",
      " [0. 1. 0.]\n",
      " [0. 0. 1.]]\n",
      "T_rotation_matrix :  [[ 9.99999902e-01 -4.25860321e-04 -1.22173047e-04]\n",
      " [ 4.25877592e-04  9.99999899e-01  1.41371668e-04]\n",
      " [ 1.22112830e-04 -1.41423685e-04  9.99999983e-01]]\n",
      "['RootJoint', 'lHip', 'lKnee', 'lAnkle', 'lToeJoint', 'rHip', 'rKnee', 'rAnkle', 'rToeJoint', 'pelvis_lowerback', 'lowerback_torso', 'torso_head', 'lTorso_Clavicle', 'lShoulder', 'lElbow', 'lWrist', 'rTorso_Clavicle', 'rShoulder', 'rElbow', 'rWrist']\n",
      "A_rotation_matrix :  [[ 9.99999997e-01 -2.04203522e-05  7.49095314e-05]\n",
      " [ 2.04215629e-05  1.00000000e+00 -1.61617488e-05]\n",
      " [-7.49092014e-05  1.61632785e-05  9.99999997e-01]]\n",
      "T_rotation_matrix :  [[ 0.99019217  0.03128673  0.13616392]\n",
      " [-0.02677029  0.99903307 -0.03487521]\n",
      " [-0.13712339  0.03088802  0.99007227]]\n",
      "A_rotation_matrix :  [[ 9.99999997e-01  6.35823446e-05 -3.52032910e-05]\n",
      " [-6.35829283e-05  9.99999998e-01 -1.65806279e-05]\n",
      " [ 3.52022367e-05  1.65828662e-05  9.99999999e-01]]\n",
      "T_rotation_matrix :  [[ 0.99915438 -0.00108159 -0.04110183]\n",
      " [-0.00728478  0.9791818  -0.20285448]\n",
      " [ 0.04046557  0.20298236  0.9783459 ]]\n",
      "A_rotation_matrix :  [[ 9.99999997e-01 -8.03375054e-05 -6.78933079e-06]\n",
      " [ 8.03379737e-05  9.99999994e-01  6.90103186e-05]\n",
      " [ 6.78378664e-06 -6.90108638e-05  9.99999998e-01]]\n",
      "T_rotation_matrix :  [[ 0.99654083  0.07649448 -0.03248024]\n",
      " [-0.08234819  0.96153906 -0.26203323]\n",
      " [ 0.01118692  0.26380151  0.96451211]]\n",
      "A_rotation_matrix :  [[ 1.00000000e+00  1.02625360e-05 -1.01229097e-06]\n",
      " [-1.02625587e-05  1.00000000e+00 -2.24623875e-05]\n",
      " [ 1.01206044e-06  2.24623979e-05  1.00000000e+00]]\n",
      "T_rotation_matrix :  [[ 0.98504767 -0.16033186 -0.06304593]\n",
      " [ 0.17186576  0.93992925  0.29494942]\n",
      " [ 0.01196893 -0.30137467  0.95343068]]\n",
      "A_rotation_matrix :  [[ 1.00000000e+00  3.49065850e-08 -1.57079633e-07]\n",
      " [-3.49065850e-08  1.00000000e+00 -3.94430453e-31]\n",
      " [ 1.57079633e-07  5.48311356e-15  1.00000000e+00]]\n",
      "T_rotation_matrix :  [[ 9.99616324e-01  2.73179260e-02  4.57550430e-03]\n",
      " [-2.76984047e-02  9.86191493e-01  1.63276264e-01]\n",
      " [-5.19545130e-05 -1.63340353e-01  9.86569778e-01]]\n",
      "A_rotation_matrix :  [[ 1.00000000e+00  5.51524044e-06  8.37758041e-07]\n",
      " [-5.51524571e-06  1.00000000e+00  6.30063860e-06]\n",
      " [-8.37723291e-07 -6.30064322e-06  1.00000000e+00]]\n",
      "T_rotation_matrix :  [[ 0.99983842 -0.002303   -0.01782784]\n",
      " [ 0.00147748  0.99893203 -0.04618032]\n",
      " [ 0.01791515  0.04614652  0.99877402]]\n",
      "A_rotation_matrix :  [[ 1.00000000e+00  2.01585529e-05  1.57603231e-05]\n",
      " [-2.01589495e-05  9.99999999e-01  2.51676478e-05]\n",
      " [-1.57598158e-05 -2.51679655e-05  1.00000000e+00]]\n",
      "T_rotation_matrix :  [[ 0.99277842 -0.03239538 -0.11550562]\n",
      " [ 0.02966478  0.99924012 -0.025282  ]\n",
      " [ 0.11623686  0.02167297  0.99298503]]\n",
      "A_rotation_matrix :  [[ 9.99999998e-01 -3.76991118e-06 -6.57640062e-05]\n",
      " [ 3.76920299e-06  1.00000000e+00 -1.07686815e-05]\n",
      " [ 6.57640468e-05  1.07684336e-05  9.99999998e-01]]\n",
      "T_rotation_matrix :  [[ 0.94238395  0.33452322 -0.00258909]\n",
      " [-0.33441693  0.94182402 -0.03365774]\n",
      " [-0.00882083  0.03258435  0.99943006]]\n",
      "A_rotation_matrix :  [[ 7.07051156e-01 -7.07162401e-01  4.15562895e-05]\n",
      " [ 7.07162370e-01  7.07051140e-01  2.59425737e-04]\n",
      " [-2.12838549e-04 -1.54040223e-04  9.99999965e-01]]\n",
      "T_rotation_matrix :  [[ 0.51286307  0.61028647 -0.60375649]\n",
      " [-0.73708487  0.67357916  0.05474498]\n",
      " [ 0.44008791  0.41694309  0.79528679]]\n",
      "A_rotation_matrix :  [[ 9.99999990e-01 -4.87121390e-05 -1.32924275e-04]\n",
